100|101|2|16|1|3|5d706fbc02|1|1516323604876
100|101|2|16|1|3|5d746fbc02|1|1516323605897
100|101|2|16|1|3|5d746fbc02|1|1516323606925
100|101|2|16|1|3|5d746fbc02|1|1516323608358
100|101|2|16|1|3|5d786fbc02|1|1516323608970
100|101|2|16|1|3|5d786fbc02|1|1516323609891
100|101|2|16|1|3|5d786fcc02|1|1516323610923
100|101|2|16|1|3|5d7c6fcc02|1|1516323612350
100|101|2|16|1|3|5d7c6ff802|1|1516323612964
100|101|2|16|1|3|5d7c6ff002|1|1516323614399
100|101|2|16|1|3|5d806ff802|1|1516323614910
100|101|2|16|1|3|5d806ff802|1|1516323615936
100|101|2|16|1|3|5d806ff802|1|1516323616957
100|101|2|16|1|3|5d806ff802|1|1516323617984
100|101|2|16|1|3|5d846ff802|1|1516323619110
100|101|2|16|1|3|5d886fd802|1|1516323620073
100|101|2|16|1|3|5d886fd802|1|1516323620971
100|101|2|16|1|3|5d886fd802|1|1516323621998
100|101|2|16|1|3|5d8c6ff802|1|1516323622999
100|101|2|16|1|3|5d906ff802|1|1516323623926
100|101|2|16|1|3|5d946ff802|1|1516323624979
